m1A  = 360.27e-3;
m1B  =  72.70e-3;
m2A  =  78.68e-3;
m2B  =  72.70e-3;
m3   = 119.88e-3;
mfb1 =  27.37e-3;

I1A  = 378964e-9;
I1B  =  24605e-9;
I2A  =  26528e-9;
I2B  =  24605e-9;
I3   =  55979e-9;
Ifb1 =   9115e-9;

l3   = 50e-3;
lfb0 = 40e-3;
lfb1 = 25e-3;
d1   = 31e-3;
d2   = 60e-3;
d3   = 30e-3;

lm1A = -28.54e-3;
lm1B = -22.52e-3;
lm2A =  27.85e-3;
lm2B = -22.52e-3;
lm3  =  36.41e-3;
lmfb1 = 11.29e-3;

lb1A = 45.0e-3;
lb1B = 43.5e-3;
lb2A = 49.0e-3;
lb2B = 43.5e-3;

lam_bars = 1200*2*6e-3*30e-3;
rho_fb2 = 1200*6e-3;
d_shaft = 8e-3;
wfb2 = 16e-3;
k = 0;
lsp0 = 28e-3;
